1638
1539
1614
1440
8583
2760
4497
6855
3564
4884
9168
7938
7473
2529
1179
2187
2421
5652
10254
561
885
2646
4179
594
594
552
504
1179
1788
1338
2181
2343
2736
6330
1326
1221
1113
7242
2949
3066
15363
4047
2280
2277
2121
2517
2433
2979
1416
1389
1332
405
2184
639
450
1242
1356
4680
4467
1872
2931
8145
14949
16668
567
3345
7581
171
1230
4536
2133
3720
7647
7155
7572
8517
1815
2082
7665
882
567
8088
5202
1068
3342
1095
3204
3306
2172
7773
1767
4383
1728
1791
1893
2784
384
891
1440
4866
7716
3912
3819
1401
1656
3699
3651
1242
1527
1122
3804
1800
5679
1542
2229
6006
1776
2517
1179
3102
3243
720
7725
1581
639
1566
