4 3 3 0 7 3 10 19 2 3 20 8 11 3 2 38 1 3 11 2 2 2 8 1 0 0 1 0 1 2 1 1 6 2 0 3 1 8 1 3 5 17 3 3 3 4 2 3 0 2 1 1 1 0 1 1 1 23 2 2 0 4 19 14 1 1 11 12 0 3 3 4 25 8 9 9 5 0 6 3 1 11 154 1 7 3 5 4 3 5 0 4 17 1 0 3 2 1 0 6 51 4 2 2 1 2 7 0 3 0 11 2 6 3 3 5 0 4 10 3 10 0 7 2 163 3
1 5 2 0 4 0 1 14 5 1 5 4 1 0 0 16 4 4 7 0 0 3 2 1 0 1 1 2 3 0 1 5 6 2 0 4 2 13 3 4 4 4 4 1 2 1 7 1 1 2 2 0 1 1 0 1 1 2 14 3 1 2 26 17 2 3 6 6 4 6 1 1 7 9 11 6 9 4 3 4 2 6 13 2 1 0 2 1 6 4 4 2 12 1 0 0 2 1 1 4 21 9 6 1 3 3 2 1 2 1 9 2 4 2 3 5 1 0 6 5 4 0 2 1 5 0
6 1 0 0 8 1 6 5 4 2 12 4 45 0 4 2 1 1 6 0 1 2 3 2 0 4 1 1 4 0 1 2 5 3 1 4 1 6 7 1 5 8 0 0 1 0 2 1 1 4 2 0 3 1 0 2 0 5 1 2 10 7 10 12 5 3 11 11 4 0 1 7 0 16 4 19 2 1 5 0 1 2 6 0 4 2 7 2 6 6 2 2 10 3 2 30 0 3 0 4 2 2 3 1 2 0 1 1 2 2 1 1 4 2 3 9 3 4 87 6 3 0 0 1 0 3
0 1 0 0 0 0 0 0 2 0 2 1 1 0 0 0 0 0 0 0 0 0 0 2 0 0 0 0 1 0 0 1 0 1 0 0 0 0 1 0 1 1 0 0 0 0 0 0 0 0 0 0 0 0 0 0 0 0 1 0 0 1 2 2 0 1 0 0 0 0 0 1 2 0 0 1 0 0 1 0 1 0 1 0 0 0 0 0 1 0 0 0 6 0 0 2 0 0 0 1 1 0 0 1 0 0 0 0 0 0 0 0 1 0 0 1 0 0 22 0 2 0 2 0 1 0
30 30 5 15 316 42 41 63 19 33 86 43 58 36 8 14 17 22 63 6 6 22 38 3 0 21 3 3 8 13 22 38 24 28 20 23 14 43 39 32 38 71 17 24 56 23 29 18 6 8 28 10 32 13 11 9 12 22 17 10 39 81 90 122 33 39 82 1 26 31 22 27 53 90 59 48 11 12 49 9 12 44 30 11 49 6 65 43 36 51 14 19 41 15 19 21 8 8 19 54 46 32 34 27 49 25 19 14 76 8 19 10 27 20 27 84 18 16 142 41 66 0 52 9 7 38
7 10 0 0 140 5 11 8 11 10 30 19 20 7 3 3 7 6 26 1 0 6 8 1 0 2 1 0 1 1 6 11 6 10 3 3 4 11 10 6 4 21 1 5 29 11 0 10 2 1 7 7 10 1 1 2 3 2 2 2 11 9 17 10 14 16 22 1 6 5 3 6 3 31 10 16 9 3 2 1 8 10 9 6 16 2 18 10 14 17 3 2 10 7 7 8 1 5 4 10 15 4 19 7 25 6 7 1 11 1 5 1 9 4 5 21 1 5 74 11 20 0 11 3 1 5
0 0 0 0 1 4 0 4 4 1 1 3 1 0 0 0 1 3 1 1 0 1 1 0 0 0 0 0 2 0 1 0 1 0 0 2 0 3 3 0 2 4 0 1 0 1 0 0 1 1 2 1 0 13 3 0 0 0 1 0 0 1 3 17 2 1 0 0 0 0 0 0 1 2 0 2 0 1 0 0 0 0 1 0 0 0 0 1 0 1 0 0 2 0 0 0 0 0 0 0 0 2 2 0 0 0 0 1 0 1 1 1 0 3 1 6 0 2 5 1 1 0 2 0 0 1
0 0 0 0 1 4 0 4 4 1 1 3 1 0 0 0 1 3 1 1 0 1 1 0 0 0 0 0 2 0 1 0 1 0 0 2 0 3 3 0 2 4 0 1 0 1 0 0 1 1 2 1 0 13 3 0 0 0 1 0 0 1 3 17 2 1 0 0 0 0 0 0 1 2 0 2 0 1 0 0 0 0 1 0 0 0 0 1 0 1 0 0 2 0 0 0 0 0 0 0 0 2 2 0 0 0 0 1 0 1 1 1 0 3 1 6 0 2 5 1 1 0 2 0 0 1
1 2 0 1 0 0 0 1 0 2 0 1 4 0 0 0 1 0 2 0 0 0 0 0 0 1 0 0 1 0 1 1 1 0 0 0 0 3 0 0 0 1 1 0 0 1 1 0 0 1 0 0 0 0 0 1 0 0 0 1 1 0 3 3 1 1 0 2 1 1 0 1 1 1 0 5 0 0 1 0 4 2 3 0 1 1 0 0 7 2 1 1 2 0 0 0 1 0 0 0 1 2 4 0 0 0 0 0 0 0 1 0 1 0 1 4 1 0 4 1 2 0 3 1 1 0
0 1 1 0 0 0 1 1 2 2 1 3 1 1 1 24 1 0 0 0 1 0 0 0 0 0 1 0 0 0 1 1 2 0 1 0 0 1 1 0 1 2 0 1 1 0 2 0 0 0 0 0 0 1 0 0 0 1 1 0 1 2 1 0 1 1 2 3 0 0 1 2 0 0 4 1 0 0 0 0 0 0 3 1 0 0 1 0 0 0 0 0 3 0 1 1 0 0 2 0 9 1 0 0 0 0 0 0 0 0 2 0 0 0 1 1 1 0 14 0 0 0 2 0 0 1
14 17 7 7 65 33 28 127 18 33 61 42 31 24 4 17 23 22 59 7 6 51 27 7 5 30 1 3 10 20 20 39 14 29 13 15 15 38 41 29 43 70 17 8 31 21 16 17 3 8 21 6 27 9 10 4 2 32 23 16 17 66 102 113 10 19 87 55 12 12 10 21 44 73 53 58 6 7 51 4 4 36 42 5 28 4 44 37 23 51 15 31 38 12 7 17 11 5 10 62 29 20 23 10 40 13 21 24 17 7 20 7 27 7 15 21 21 29 157 47 49 0 30 9 3 19
6 6 4 2 10 3 4 19 7 12 9 10 4 3 1 1 2 6 7 1 3 2 5 3 0 16 1 4 3 2 2 6 4 6 2 6 2 12 12 5 5 21 1 1 13 2 1 8 3 3 8 1 4 4 0 1 3 2 8 6 7 13 20 34 2 6 24 11 6 9 1 7 5 26 7 11 22 2 22 2 1 12 10 1 5 5 10 2 12 11 5 4 15 1 8 5 1 0 3 12 4 4 6 2 13 0 1 4 5 5 7 6 3 13 2 15 11 7 124 4 16 0 6 5 1 9
3 3 5 4 27 12 8 11 9 13 13 19 55 6 0 6 6 16 23 0 1 11 11 1 5 5 10 0 2 1 5 8 9 74 7 4 3 20 9 12 18 8 6 14 10 8 6 14 9 1 7 3 7 3 3 5 3 13 11 5 10 12 52 17 1 5 15 21 2 16 9 22 16 17 21 72 10 5 1 3 4 16 5 3 30 1 38 30 40 19 7 12 112 16 2 40 1 12 5 21 31 5 9 2 3 14 12 1 6 3 19 1 21 1 9 11 6 5 100 27 25 0 28 1 1 5
3 2 2 1 6 4 6 31 3 4 8 8 206 2 1 1 6 4 11 1 4 6 5 1 2 3 4 0 3 2 2 5 11 26 1 3 1 5 10 7 17 6 2 3 6 2 2 6 1 1 6 2 3 2 1 4 6 5 2 2 5 7 16 18 4 3 6 10 0 4 2 11 7 9 10 45 1 2 43 3 3 2 14 2 15 3 30 3 31 7 0 9 28 7 2 6 0 2 3 5 14 9 3 2 0 6 6 4 0 3 5 0 7 2 0 6 3 3 177 4 4 0 13 3 1 1
14 7 9 2 41 20 27 44 12 20 61 37 51 8 4 10 27 31 42 2 6 8 19 2 5 33 1 0 9 11 8 20 28 51 3 10 12 13 73 72 30 67 8 12 21 16 5 29 8 4 19 5 66 10 9 7 1 30 16 101 17 20 82 59 15 16 39 71 8 10 7 14 42 176 27 88 19 4 31 12 4 31 15 4 60 6 20 56 10 46 14 16 14 13 9 40 4 9 6 94 51 20 16 12 26 11 20 2 11 4 26 83 27 8 28 15 8 89 223 54 112 0 30 7 3 26
11 7 9 6 32 10 37 43 17 33 38 39 33 8 3 8 17 28 39 6 6 10 24 3 2 74 1 2 8 3 10 6 14 20 6 11 8 24 57 24 28 60 11 17 31 16 13 24 6 11 17 12 46 17 7 5 1 13 28 64 30 26 78 161 9 15 86 52 6 18 12 26 26 162 33 68 47 11 50 3 5 34 19 6 35 6 35 63 20 49 18 22 58 11 11 38 0 5 5 29 17 18 18 4 13 9 10 7 7 3 16 6 25 14 24 21 14 56 292 32 45 0 33 6 3 27
67 95 29 26 216 96 174 289 151 102 229 176 337 73 43 55 45 97 254 28 58 54 72 25 36 54 20 13 48 33 136 114 90 107 59 77 22 163 169 85 104 155 49 78 115 104 54 101 65 50 56 29 66 16 12 35 42 122 107 41 112 247 332 363 74 132 284 101 62 117 48 91 141 242 167 229 71 36 133 25 36 180 106 17 182 105 175 116 270 153 72 93 418 57 65 112 19 43 98 118 179 75 107 55 59 121 66 27 60 67 182 22 191 108 75 181 55 82 160 85 196 0 272 58 6 74
2 0 0 0 6 0 6 11 0 0 3 5 4 0 1 1 1 0 5 0 1 0 0 0 0 1 0 0 2 0 3 0 0 1 1 1 0 1 3 1 4 1 0 1 15 2 1 1 0 3 1 0 1 0 1 0 1 3 1 0 3 4 9 8 4 0 3 5 2 1 1 0 0 6 0 4 2 1 3 1 1 5 3 0 1 1 16 3 12 3 12 0 19 1 0 6 2 0 1 0 1 2 1 0 1 2 1 1 1 5 1 0 3 1 1 2 0 1 47 1 2 0 4 0 0 1
0 0 1 0 4 1 2 1 1 0 6 2 6 0 1 2 1 0 1 0 0 1 0 0 0 1 0 0 2 1 0 10 1 4 1 0 0 2 1 3 1 7 0 0 1 1 0 1 0 1 1 0 2 0 0 0 0 1 0 2 0 9 4 7 0 0 1 0 0 2 0 0 0 5 1 10 1 0 1 0 1 4 2 0 1 0 1 2 0 1 0 4 0 1 0 2 2 0 1 5 2 2 0 0 0 4 4 0 0 1 1 2 5 0 2 5 2 3 20 2 6 0 2 0 0 2
6 3 42 5 32 4 17 29 14 19 20 28 36 9 2 4 11 14 25 0 5 6 8 0 5 70 2 1 7 2 19 8 21 23 0 9 3 34 29 10 28 32 11 3 34 5 10 9 3 5 13 2 14 12 13 4 2 9 23 26 16 29 41 96 2 16 41 41 3 7 4 17 10 58 18 17 29 13 105 4 1 77 15 3 15 2 36 26 10 26 8 11 16 0 6 20 3 3 4 13 10 7 11 5 13 6 7 6 9 6 12 4 13 6 4 13 20 25 293 8 19 0 28 7 1 5
15 12 5 8 31 11 27 47 12 23 36 32 54 11 6 14 8 29 33 28 2 133 20 3 18 0 1 1 11 3 23 8 15 22 6 20 2 23 15 13 12 22 11 9 19 15 2 9 36 7 107 2 9 11 6 9 1 16 25 4 14 20 128 50 7 12 28 31 41 134 3 19 30 31 60 64 9 15 13 2 2 22 16 1 14 4 82 11 47 21 9 19 66 5 13 32 2 10 46 15 35 18 14 9 14 15 9 0 9 15 30 3 28 13 42 26 9 24 240 20 34 0 35 3 0 10
2 1 1 0 6 2 6 3 0 6 3 1 2 2 1 0 0 3 1 2 0 1 0 0 0 0 0 5 0 0 2 0 22 2 1 1 0 2 1 1 0 1 2 4 0 1 0 14 0 0 0 0 1 0 0 2 2 2 6 0 14 3 3 5 6 0 1 5 0 1 0 1 4 2 2 7 3 0 0 6 5 2 2 0 1 4 0 1 0 2 0 3 0 6 7 0 0 0 16 3 7 3 2 0 1 5 8 0 0 0 3 0 3 0 0 8 1 2 18 0 2 0 2 0 0 13
4 15 2 0 16 8 6 33 7 8 14 18 11 9 1 26 0 6 10 1 1 9 2 10 3 11 2 0 3 0 5 43 8 9 2 9 4 11 18 4 10 12 7 2 7 8 3 3 0 2 4 0 11 8 2 6 3 3 3 20 13 18 17 25 5 4 18 0 4 4 2 10 7 12 10 15 16 3 9 1 5 10 7 5 10 3 10 4 5 21 3 6 14 4 1 25 3 3 3 5 19 10 3 0 5 4 5 0 4 4 8 2 10 2 5 21 1 5 96 4 10 0 6 2 0 6
1 2 0 0 1 2 0 9 2 0 2 1 0 2 0 13 1 1 2 2 0 1 1 1 0 2 0 0 2 0 2 0 0 1 1 1 4 3 1 0 0 0 2 1 1 6 0 2 1 1 0 0 1 0 1 3 2 1 0 3 1 1 4 5 4 1 2 3 1 0 1 0 0 1 2 4 2 2 1 1 1 1 11 0 0 1 3 0 5 0 0 0 3 0 3 0 0 0 0 1 1 2 1 0 1 1 1 0 2 0 2 1 0 0 2 3 4 0 6 0 1 0 2 0 0 0
6 4 2 1 24 8 26 12 9 12 16 13 22 7 3 4 3 25 21 3 3 8 22 4 5 3 5 1 7 1 6 3 5 23 1 4 3 18 12 14 2 6 7 6 14 10 4 6 0 3 6 2 11 9 7 2 1 12 6 3 11 12 48 19 3 3 29 19 6 7 6 7 27 20 18 35 3 7 7 1 3 9 4 2 20 2 15 12 7 9 7 14 11 4 3 20 1 1 2 13 12 3 10 3 5 20 9 0 0 3 5 1 17 2 10 8 8 9 248 19 25 0 8 4 1 4
0 1 0 0 0 0 1 1 1 1 1 2 2 0 0 1 0 0 0 0 0 0 1 0 0 0 0 1 0 0 0 0 1 1 1 0 0 1 1 0 0 0 0 0 0 0 0 0 2 0 1 0 0 1 0 0 0 0 2 0 12 2 3 3 9 0 2 0 0 0 0 0 0 1 1 3 2 0 1 0 4 1 1 0 0 0 2 0 0 0 0 1 0 0 1 0 0 2 1 0 0 1 0 0 0 0 1 0 0 0 1 1 1 0 0 1 0 0 1 1 0 0 0 0 1 0
0 1 0 3 5 0 0 0 0 2 6 4 4 0 0 0 10 4 5 0 0 0 3 2 1 1 3 0 5 1 1 2 5 0 0 2 0 0 3 3 0 3 1 1 7 1 0 0 1 0 0 0 0 1 1 0 0 0 1 1 4 2 9 3 4 1 7 18 0 1 1 1 1 6 4 2 0 2 1 0 2 3 0 1 1 2 5 7 2 7 1 0 4 0 0 2 1 2 1 2 2 2 1 1 2 2 7 0 1 1 1 0 3 0 1 0 1 1 3 2 0 0 13 0 0 2
3 4 6 10 35 10 32 132 14 31 74 44 26 22 10 24 15 26 60 2 8 18 34 44 8 29 4 3 14 6 20 13 18 17 5 23 73 83 28 13 21 14 36 13 37 15 26 12 18 5 18 4 15 20 17 10 4 6 125 14 16 30 116 183 9 15 48 96 4 14 7 29 21 38 54 49 24 15 23 3 7 29 32 13 25 8 46 20 10 40 9 30 18 3 20 88 1 5 15 17 35 21 17 6 9 21 8 5 9 7 72 1 13 9 13 14 10 11 152 15 23 0 21 8 4 6
10 13 12 6 19 17 20 31 13 14 17 20 39 11 6 10 5 16 25 5 3 6 19 7 2 10 2 3 7 1 14 10 14 17 9 11 9 52 14 11 21 18 11 5 33 11 1 11 5 8 7 1 8 4 4 1 1 20 30 4 12 23 88 90 15 13 27 33 4 7 6 9 19 49 26 44 21 9 43 4 5 47 14 2 16 10 34 7 25 19 11 11 49 4 16 28 2 6 13 7 20 5 16 4 16 17 4 2 6 5 24 21 22 19 6 28 14 5 30 8 15 0 25 8 0 9
0 0 0 0 2 1 0 1 0 0 0 0 0 0 0 29 0 0 2 0 0 0 0 0 0 0 0 0 0 0 0 0 0 0 0 0 0 1 0 0 1 1 1 0 1 1 0 0 0 0 0 0 0 0 0 0 0 0 1 0 0 1 0 1 0 1 0 0 0 0 1 0 2 0 0 0 1 0 0 0 0 1 0 0 2 0 0 0 0 0 2 0 0 0 0 0 0 0 1 0 1 5 0 0 0 1 0 0 0 0 0 0 0 0 0 0 0 0 0 0 0 0 0 0 0 0
2 5 0 2 7 1 3 14 1 2 11 14 5 2 1 2 3 3 8 0 0 1 2 0 0 31 0 0 2 2 3 8 7 3 1 5 4 6 1 2 6 9 5 4 6 0 4 3 2 1 2 1 0 1 1 1 3 2 7 2 4 6 19 16 13 5 10 7 5 4 1 8 7 9 6 7 1 2 7 1 1 4 7 3 4 1 5 7 1 2 2 5 1 1 5 3 1 0 1 3 2 5 4 1 37 1 2 2 0 1 3 4 4 0 1 2 10 2 91 8 7 0 3 0 0 1
2 4 2 2 14 3 3 7 3 5 22 5 4 5 1 1 6 3 9 0 0 4 18 2 5 1 0 0 1 2 2 11 4 4 0 0 0 8 5 6 11 5 5 1 1 3 3 3 45 2 0 2 4 0 3 4 0 0 17 4 3 8 34 37 2 3 8 16 5 6 2 8 8 5 9 2 1 0 6 0 0 7 6 0 3 0 12 8 2 11 1 2 17 1 3 4 0 1 0 6 8 5 1 2 6 1 0 2 2 26 1 1 3 2 7 3 0 4 51 5 3 0 7 1 3 3
12 8 6 12 54 34 27 45 35 23 46 55 40 15 5 17 42 28 50 2 9 16 30 11 5 45 4 2 6 10 10 28 25 82 11 13 15 40 75 63 127 127 19 20 16 55 25 60 8 20 21 16 46 5 7 10 2 15 6 9 20 83 102 135 12 80 67 57 9 10 19 118 55 85 46 107 7 8 35 11 20 46 31 5 66 4 14 56 20 57 15 56 44 17 8 27 7 16 10 82 32 27 29 13 5 10 8 17 9 12 15 7 28 9 19 41 17 94 68 126 47 0 26 7 6 29
